20
0 78 50 99 87 85 72 79 63 63 56 97 99 68 76 84 80 61 83 64 
78 0 99 92 68 52 66 64 91 81 56 80 53 77 70 70 93 74 50 97 
50 99 0 56 89 72 51 51 56 54 92 79 61 71 61 59 73 65 61 98 
99 92 56 0 79 83 98 59 91 52 58 77 55 99 90 51 52 62 51 72 
87 68 89 79 0 50 87 83 91 60 56 93 58 75 62 88 54 64 67 68 
85 52 72 83 50 0 88 81 55 91 81 70 72 59 90 88 66 55 58 69 
72 66 51 98 87 88 0 78 92 54 96 83 97 97 92 72 67 87 61 68 
79 64 51 59 83 81 78 0 85 84 88 86 62 75 68 89 94 55 54 81 
63 91 56 91 91 55 92 85 0 76 95 64 56 58 53 64 60 69 58 87 
63 81 54 52 60 91 54 84 76 0 97 90 73 77 97 84 85 71 68 82 
56 56 92 58 56 81 96 88 95 97 0 78 69 56 76 88 50 96 69 90 
97 80 79 77 93 70 83 86 64 90 78 0 65 87 75 89 57 60 85 82 
99 53 61 55 58 72 97 62 56 73 69 65 0 73 94 92 63 65 74 91 
68 77 71 99 75 59 97 75 58 77 56 87 73 0 90 68 75 64 74 73 
76 70 61 90 62 90 92 68 53 97 76 75 94 90 0 95 54 57 97 84 
84 70 59 51 88 88 72 89 64 84 88 89 92 68 95 0 55 95 98 52 
80 93 73 52 54 66 67 94 60 85 50 57 63 75 54 55 0 57 91 74 
61 74 65 62 64 55 87 55 69 71 96 60 65 64 57 95 57 0 61 53 
83 50 61 51 67 58 61 54 58 68 69 85 74 74 97 98 91 61 0 62 
64 97 98 72 68 69 68 81 87 82 90 82 91 73 84 52 74 53 62 0 
